3-sided dice:
([1, 5, 9], [2, 6, 7], [3, 4, 8], 1, 1, 1)
([1, 6, 8], [2, 3, 9], [4, 5, 7], 1, 3, 1)
([1, 6, 8], [2, 4, 9], [3, 5, 7], 1, 1, 1)
([1, 7, 8], [2, 3, 9], [4, 5, 6], 1, 3, 3)
([1, 7, 8], [2, 4, 9], [3, 5, 6], 1, 1, 3)
--------------------------------------------------------------------------------
4-sided dice:
([1, 3, 10, 11], [2, 7, 8, 9], [4, 5, 6, 12], 2, 2, 4)
([1, 3, 10, 12], [2, 7, 8, 9], [4, 5, 6, 11], 2, 2, 2)
([1, 4, 10, 11], [2, 5, 6, 12], [3, 7, 8, 9], 2, 4, 2)
([1, 4, 10, 11], [2, 5, 7, 12], [3, 6, 8, 9], 2, 2, 2)
([1, 4, 10, 11], [2, 7, 8, 9], [3, 5, 6, 12], 2, 2, 2)
([1, 6, 8, 11], [2, 3, 9, 12], [4, 5, 7, 10], 2, 2, 2)
([1, 7, 8, 9], [2, 3, 10, 11], [4, 5, 6, 12], 4, 4, 2)
([1, 7, 8, 9], [2, 3, 10, 12], [4, 5, 6, 11], 4, 2, 2)
([1, 7, 8, 9], [2, 4, 10, 11], [3, 5, 6, 12], 4, 2, 2)
([1, 7, 8, 10], [2, 3, 9, 11], [4, 5, 6, 12], 2, 4, 2)
([1, 7, 8, 10], [2, 3, 9, 12], [4, 5, 6, 11], 2, 2, 2)
([1, 7, 8, 10], [2, 4, 9, 11], [3, 5, 6, 12], 2, 2, 2)
([1, 7, 8, 11], [2, 3, 9, 12], [4, 5, 6, 10], 2, 2, 4)
--------------------------------------------------------------------------------
5-sided dice:
([1, 2, 11, 12, 13], [3, 4, 5, 14, 15], [6, 7, 8, 9, 10], 7, 5, 5)
([1, 2, 11, 12, 14], [3, 4, 5, 13, 15], [6, 7, 8, 9, 10], 5, 5, 5)
([1, 3, 11, 12, 13], [2, 4, 5, 14, 15], [6, 7, 8, 9, 10], 5, 5, 5)
--------------------------------------------------------------------------------
6-sided dice:
([1, 2, 9, 14, 15, 16], [3, 4, 5, 10, 17, 18], [6, 7, 8, 11, 12, 13], 6, 6, 6)
([1, 2, 11, 12, 13, 18], [3, 4, 5, 14, 15, 16], [6, 7, 8, 9, 10, 17], 6, 6, 6)
([1, 6, 7, 8, 17, 18], [2, 9, 10, 11, 12, 13], [3, 4, 5, 14, 15, 16], 6, 6, 6)
([1, 6, 11, 12, 13, 14], [2, 3, 4, 15, 16, 17], [5, 7, 8, 9, 10, 18], 6, 6, 6)
([1, 7, 10, 12, 13, 14], [2, 3, 4, 15, 16, 17], [5, 6, 8, 9, 11, 18], 6, 6, 6)
([1, 7, 11, 12, 13, 14], [2, 3, 4, 15, 16, 17], [5, 6, 8, 9, 10, 18], 6, 6, 8)
([1, 8, 9, 12, 13, 14], [2, 3, 4, 15, 16, 17], [5, 6, 7, 10, 11, 18], 6, 6, 6)
([1, 8, 10, 11, 13, 14], [2, 3, 4, 15, 16, 17], [5, 6, 7, 9, 12, 18], 6, 6, 6)
([1, 8, 10, 12, 13, 14], [2, 3, 4, 15, 16, 17], [5, 6, 7, 9, 11, 18], 6, 6, 8)
([1, 8, 11, 12, 13, 14], [2, 3, 4, 15, 16, 17], [5, 6, 7, 9, 10, 18], 6, 6, 10)
([1, 9, 10, 11, 12, 14], [2, 3, 4, 15, 16, 17], [5, 6, 7, 8, 13, 18], 6, 6, 6)
([1, 9, 10, 11, 13, 14], [2, 3, 4, 15, 16, 17], [5, 6, 7, 8, 12, 18], 6, 6, 8)
([1, 9, 10, 12, 13, 14], [2, 3, 4, 15, 16, 17], [5, 6, 7, 8, 11, 18], 6, 6, 10)
([1, 9, 11, 12, 13, 14], [2, 3, 4, 15, 16, 17], [5, 6, 7, 8, 10, 18], 6, 6, 12)
([1, 10, 11, 12, 13, 14], [2, 3, 4, 15, 16, 17], [5, 6, 7, 8, 9, 18], 6, 6, 14)
--------------------------------------------------------------------------------
7-sided dice:
([1, 2, 4, 16, 17, 18, 19], [3, 9, 11, 12, 13, 14, 15], [5, 6, 7, 8, 10, 20, 21], 9, 9, 9)
([1, 2, 4, 16, 17, 18, 19], [3, 10, 11, 12, 13, 14, 15], [5, 6, 7, 8, 9, 20, 21], 9, 11, 9)
([1, 2, 12, 14, 15, 16, 17], [3, 4, 5, 6, 18, 19, 20], [7, 8, 9, 10, 11, 13, 21], 9, 13, 9)
([1, 2, 12, 14, 15, 16, 17], [3, 4, 5, 6, 18, 19, 21], [7, 8, 9, 10, 11, 13, 20], 9, 11, 9)
([1, 2, 12, 14, 15, 16, 17], [3, 4, 5, 6, 18, 20, 21], [7, 8, 9, 10, 11, 13, 19], 9, 9, 9)
([1, 2, 12, 14, 15, 16, 17], [3, 4, 5, 7, 18, 19, 20], [6, 8, 9, 10, 11, 13, 21], 9, 11, 9)
([1, 2, 12, 14, 15, 16, 17], [3, 4, 5, 7, 18, 19, 21], [6, 8, 9, 10, 11, 13, 20], 9, 9, 9)
([1, 2, 12, 14, 15, 16, 17], [3, 4, 5, 8, 18, 19, 20], [6, 7, 9, 10, 11, 13, 21], 9, 9, 9)
([1, 2, 12, 14, 15, 16, 17], [3, 4, 6, 7, 18, 19, 20], [5, 8, 9, 10, 11, 13, 21], 9, 9, 9)
([1, 2, 13, 14, 15, 16, 17], [3, 4, 5, 6, 18, 19, 20], [7, 8, 9, 10, 11, 12, 21], 9, 13, 11)
([1, 2, 13, 14, 15, 16, 17], [3, 4, 5, 6, 18, 19, 21], [7, 8, 9, 10, 11, 12, 20], 9, 11, 11)
([1, 2, 13, 14, 15, 16, 17], [3, 4, 5, 6, 18, 20, 21], [7, 8, 9, 10, 11, 12, 19], 9, 9, 11)
([1, 2, 13, 14, 15, 16, 17], [3, 4, 5, 7, 18, 19, 20], [6, 8, 9, 10, 11, 12, 21], 9, 11, 11)
([1, 2, 13, 14, 15, 16, 17], [3, 4, 5, 7, 18, 19, 21], [6, 8, 9, 10, 11, 12, 20], 9, 9, 11)
([1, 2, 13, 14, 15, 16, 17], [3, 4, 5, 8, 18, 19, 20], [6, 7, 9, 10, 11, 12, 21], 9, 9, 11)
([1, 2, 13, 14, 15, 16, 17], [3, 4, 6, 7, 18, 19, 20], [5, 8, 9, 10, 11, 12, 21], 9, 9, 11)
([1, 3, 4, 15, 17, 18, 19], [2, 9, 11, 12, 13, 14, 16], [5, 6, 7, 8, 10, 20, 21], 9, 9, 9)
([1, 3, 4, 15, 17, 18, 19], [2, 10, 11, 12, 13, 14, 16], [5, 6, 7, 8, 9, 20, 21], 9, 11, 9)
([1, 3, 4, 16, 17, 18, 19], [2, 9, 11, 12, 13, 14, 15], [5, 6, 7, 8, 10, 20, 21], 11, 9, 9)
([1, 3, 4, 16, 17, 18, 19], [2, 10, 11, 12, 13, 14, 15], [5, 6, 7, 8, 9, 20, 21], 11, 11, 9)
([1, 9, 11, 12, 13, 14, 15], [2, 3, 4, 16, 17, 18, 19], [5, 6, 7, 8, 10, 20, 21], 13, 9, 9)
([1, 9, 11, 12, 13, 14, 16], [2, 3, 4, 15, 17, 18, 19], [5, 6, 7, 8, 10, 20, 21], 11, 9, 9)
([1, 9, 11, 12, 13, 14, 17], [2, 3, 4, 15, 16, 18, 19], [5, 6, 7, 8, 10, 20, 21], 9, 9, 9)
([1, 9, 11, 12, 13, 15, 16], [2, 3, 4, 14, 17, 18, 19], [5, 6, 7, 8, 10, 20, 21], 9, 9, 9)
([1, 10, 11, 12, 13, 14, 15], [2, 3, 4, 16, 17, 18, 19], [5, 6, 7, 8, 9, 20, 21], 13, 9, 11)
([1, 10, 11, 12, 13, 14, 16], [2, 3, 4, 15, 17, 18, 19], [5, 6, 7, 8, 9, 20, 21], 11, 9, 11)
([1, 10, 11, 12, 13, 14, 17], [2, 3, 4, 15, 16, 18, 19], [5, 6, 7, 8, 9, 20, 21], 9, 9, 11)
([1, 10, 11, 12, 13, 15, 16], [2, 3, 4, 14, 17, 18, 19], [5, 6, 7, 8, 9, 20, 21], 9, 9, 11)
